{
 "cells": [
  {
   "cell_type": "code",
   "execution_count": 40,
   "id": "b6dc6145",
   "metadata": {},
   "outputs": [],
   "source": [
    "import numpy as np\n",
    "import pandas as pd\n",
    "from pandas_datareader import data\n",
    "import matplotlib.pyplot as plt\n",
    "from numpy import inf\n",
    "import datetime\n",
    "import random\n",
    "%matplotlib inline"
   ]
  },
  {
   "cell_type": "code",
   "execution_count": 67,
   "id": "4b183266",
   "metadata": {},
   "outputs": [],
   "source": [
    "tickers = []\n",
    "with open(\"tickers.txt\",encoding = 'utf-8') as file :\n",
    "    for line in file:\n",
    "        line = line.lstrip('[')\n",
    "        line = line.rstrip(']\\n')\n",
    "        line = line.replace('\\\"','')\n",
    "        line_list = [str(x) for x in line.split(',')]\n",
    "        tickers = line_list"
   ]
  },
  {
   "cell_type": "code",
   "execution_count": 68,
   "id": "94595d74",
   "metadata": {},
   "outputs": [
    {
     "name": "stdout",
     "output_type": "stream",
     "text": [
      "['ASLN', 'VINP', 'EWP', 'FNDE', 'EWC', 'DINT', 'EMSG', 'PRGO', 'OCUP', 'RNDV']\n",
      "['ASLN', 'VINP', 'EWP', 'FNDE', 'EWC', 'DINT', 'EMSG', 'PRGO', 'OCUP', 'RNDV']\n"
     ]
    }
   ],
   "source": [
    "companies_list = random.sample(tickers, 10)\n",
    "print(companies_list)\n",
    "test_data = data.DataReader(companies_list, 'yahoo')\n",
    "test_data = test_data['Adj Close']\n",
    "print(companies_list)"
   ]
  },
  {
   "cell_type": "code",
   "execution_count": 3,
   "id": "35b082c9",
   "metadata": {},
   "outputs": [
    {
     "data": {
      "text/html": [
       "<div>\n",
       "<style scoped>\n",
       "    .dataframe tbody tr th:only-of-type {\n",
       "        vertical-align: middle;\n",
       "    }\n",
       "\n",
       "    .dataframe tbody tr th {\n",
       "        vertical-align: top;\n",
       "    }\n",
       "\n",
       "    .dataframe thead th {\n",
       "        text-align: right;\n",
       "    }\n",
       "</style>\n",
       "<table border=\"1\" class=\"dataframe\">\n",
       "  <thead>\n",
       "    <tr style=\"text-align: right;\">\n",
       "      <th>Symbols</th>\n",
       "      <th>VNM</th>\n",
       "      <th>DCOM</th>\n",
       "      <th>HFC</th>\n",
       "      <th>MDYG</th>\n",
       "      <th>OGS</th>\n",
       "      <th>BSJM</th>\n",
       "      <th>CNA</th>\n",
       "      <th>BSL</th>\n",
       "      <th>BG</th>\n",
       "    </tr>\n",
       "    <tr>\n",
       "      <th>Date</th>\n",
       "      <th></th>\n",
       "      <th></th>\n",
       "      <th></th>\n",
       "      <th></th>\n",
       "      <th></th>\n",
       "      <th></th>\n",
       "      <th></th>\n",
       "      <th></th>\n",
       "      <th></th>\n",
       "    </tr>\n",
       "  </thead>\n",
       "  <tbody>\n",
       "    <tr>\n",
       "      <th>2016-06-06</th>\n",
       "      <td>13.919934</td>\n",
       "      <td>26.049784</td>\n",
       "      <td>22.784620</td>\n",
       "      <td>38.679317</td>\n",
       "      <td>53.506729</td>\n",
       "      <td>18.772060</td>\n",
       "      <td>22.969782</td>\n",
       "      <td>11.019287</td>\n",
       "      <td>57.528484</td>\n",
       "    </tr>\n",
       "    <tr>\n",
       "      <th>2016-06-07</th>\n",
       "      <td>14.061876</td>\n",
       "      <td>25.616749</td>\n",
       "      <td>23.137606</td>\n",
       "      <td>38.750896</td>\n",
       "      <td>53.789089</td>\n",
       "      <td>18.842421</td>\n",
       "      <td>22.884632</td>\n",
       "      <td>11.094954</td>\n",
       "      <td>57.272617</td>\n",
       "    </tr>\n",
       "    <tr>\n",
       "      <th>2016-06-08</th>\n",
       "      <td>14.288987</td>\n",
       "      <td>25.973364</td>\n",
       "      <td>22.507271</td>\n",
       "      <td>39.012329</td>\n",
       "      <td>54.459679</td>\n",
       "      <td>18.920618</td>\n",
       "      <td>22.891726</td>\n",
       "      <td>11.108714</td>\n",
       "      <td>56.718224</td>\n",
       "    </tr>\n",
       "    <tr>\n",
       "      <th>2016-06-09</th>\n",
       "      <td>14.222747</td>\n",
       "      <td>25.328062</td>\n",
       "      <td>22.557695</td>\n",
       "      <td>38.912743</td>\n",
       "      <td>55.580296</td>\n",
       "      <td>18.881519</td>\n",
       "      <td>22.834959</td>\n",
       "      <td>11.156860</td>\n",
       "      <td>56.428246</td>\n",
       "    </tr>\n",
       "    <tr>\n",
       "      <th>2016-06-10</th>\n",
       "      <td>14.024026</td>\n",
       "      <td>25.064848</td>\n",
       "      <td>22.717381</td>\n",
       "      <td>38.327633</td>\n",
       "      <td>55.306755</td>\n",
       "      <td>18.790817</td>\n",
       "      <td>22.792385</td>\n",
       "      <td>11.170616</td>\n",
       "      <td>55.780029</td>\n",
       "    </tr>\n",
       "  </tbody>\n",
       "</table>\n",
       "</div>"
      ],
      "text/plain": [
       "Symbols           VNM       DCOM        HFC       MDYG        OGS       BSJM  \\\n",
       "Date                                                                           \n",
       "2016-06-06  13.919934  26.049784  22.784620  38.679317  53.506729  18.772060   \n",
       "2016-06-07  14.061876  25.616749  23.137606  38.750896  53.789089  18.842421   \n",
       "2016-06-08  14.288987  25.973364  22.507271  39.012329  54.459679  18.920618   \n",
       "2016-06-09  14.222747  25.328062  22.557695  38.912743  55.580296  18.881519   \n",
       "2016-06-10  14.024026  25.064848  22.717381  38.327633  55.306755  18.790817   \n",
       "\n",
       "Symbols           CNA        BSL         BG  \n",
       "Date                                         \n",
       "2016-06-06  22.969782  11.019287  57.528484  \n",
       "2016-06-07  22.884632  11.094954  57.272617  \n",
       "2016-06-08  22.891726  11.108714  56.718224  \n",
       "2016-06-09  22.834959  11.156860  56.428246  \n",
       "2016-06-10  22.792385  11.170616  55.780029  "
      ]
     },
     "execution_count": 3,
     "metadata": {},
     "output_type": "execute_result"
    }
   ],
   "source": [
    "test_data.dropna(axis='columns', inplace=True)\n",
    "test_data.head()"
   ]
  },
  {
   "cell_type": "markdown",
   "id": "dd9e1779",
   "metadata": {},
   "source": [
    "# Percentage change calculation"
   ]
  },
  {
   "cell_type": "code",
   "execution_count": 4,
   "id": "1f1b931d",
   "metadata": {},
   "outputs": [],
   "source": [
    "test_pct = test_data.pct_change().apply(lambda x: np.log(1+x))"
   ]
  },
  {
   "cell_type": "code",
   "execution_count": 5,
   "id": "a6db90a2",
   "metadata": {},
   "outputs": [
    {
     "data": {
      "text/html": [
       "<div>\n",
       "<style scoped>\n",
       "    .dataframe tbody tr th:only-of-type {\n",
       "        vertical-align: middle;\n",
       "    }\n",
       "\n",
       "    .dataframe tbody tr th {\n",
       "        vertical-align: top;\n",
       "    }\n",
       "\n",
       "    .dataframe thead th {\n",
       "        text-align: right;\n",
       "    }\n",
       "</style>\n",
       "<table border=\"1\" class=\"dataframe\">\n",
       "  <thead>\n",
       "    <tr style=\"text-align: right;\">\n",
       "      <th>Symbols</th>\n",
       "      <th>VNM</th>\n",
       "      <th>DCOM</th>\n",
       "      <th>HFC</th>\n",
       "      <th>MDYG</th>\n",
       "      <th>OGS</th>\n",
       "      <th>BSJM</th>\n",
       "      <th>CNA</th>\n",
       "      <th>BSL</th>\n",
       "      <th>BG</th>\n",
       "    </tr>\n",
       "    <tr>\n",
       "      <th>Date</th>\n",
       "      <th></th>\n",
       "      <th></th>\n",
       "      <th></th>\n",
       "      <th></th>\n",
       "      <th></th>\n",
       "      <th></th>\n",
       "      <th></th>\n",
       "      <th></th>\n",
       "      <th></th>\n",
       "    </tr>\n",
       "  </thead>\n",
       "  <tbody>\n",
       "    <tr>\n",
       "      <th>2016-06-06</th>\n",
       "      <td>NaN</td>\n",
       "      <td>NaN</td>\n",
       "      <td>NaN</td>\n",
       "      <td>NaN</td>\n",
       "      <td>NaN</td>\n",
       "      <td>NaN</td>\n",
       "      <td>NaN</td>\n",
       "      <td>NaN</td>\n",
       "      <td>NaN</td>\n",
       "    </tr>\n",
       "    <tr>\n",
       "      <th>2016-06-07</th>\n",
       "      <td>0.010145</td>\n",
       "      <td>-0.016763</td>\n",
       "      <td>0.015373</td>\n",
       "      <td>0.001849</td>\n",
       "      <td>0.005263</td>\n",
       "      <td>0.003741</td>\n",
       "      <td>-0.003714</td>\n",
       "      <td>0.006843</td>\n",
       "      <td>-0.004458</td>\n",
       "    </tr>\n",
       "    <tr>\n",
       "      <th>2016-06-08</th>\n",
       "      <td>0.016022</td>\n",
       "      <td>0.013825</td>\n",
       "      <td>-0.027621</td>\n",
       "      <td>0.006724</td>\n",
       "      <td>0.012390</td>\n",
       "      <td>0.004141</td>\n",
       "      <td>0.000310</td>\n",
       "      <td>0.001239</td>\n",
       "      <td>-0.009727</td>\n",
       "    </tr>\n",
       "    <tr>\n",
       "      <th>2016-06-09</th>\n",
       "      <td>-0.004647</td>\n",
       "      <td>-0.025159</td>\n",
       "      <td>0.002238</td>\n",
       "      <td>-0.002556</td>\n",
       "      <td>0.020368</td>\n",
       "      <td>-0.002069</td>\n",
       "      <td>-0.002483</td>\n",
       "      <td>0.004325</td>\n",
       "      <td>-0.005126</td>\n",
       "    </tr>\n",
       "    <tr>\n",
       "      <th>2016-06-10</th>\n",
       "      <td>-0.014071</td>\n",
       "      <td>-0.010447</td>\n",
       "      <td>0.007054</td>\n",
       "      <td>-0.015151</td>\n",
       "      <td>-0.004934</td>\n",
       "      <td>-0.004815</td>\n",
       "      <td>-0.001866</td>\n",
       "      <td>0.001232</td>\n",
       "      <td>-0.011554</td>\n",
       "    </tr>\n",
       "  </tbody>\n",
       "</table>\n",
       "</div>"
      ],
      "text/plain": [
       "Symbols          VNM      DCOM       HFC      MDYG       OGS      BSJM  \\\n",
       "Date                                                                     \n",
       "2016-06-06       NaN       NaN       NaN       NaN       NaN       NaN   \n",
       "2016-06-07  0.010145 -0.016763  0.015373  0.001849  0.005263  0.003741   \n",
       "2016-06-08  0.016022  0.013825 -0.027621  0.006724  0.012390  0.004141   \n",
       "2016-06-09 -0.004647 -0.025159  0.002238 -0.002556  0.020368 -0.002069   \n",
       "2016-06-10 -0.014071 -0.010447  0.007054 -0.015151 -0.004934 -0.004815   \n",
       "\n",
       "Symbols          CNA       BSL        BG  \n",
       "Date                                      \n",
       "2016-06-06       NaN       NaN       NaN  \n",
       "2016-06-07 -0.003714  0.006843 -0.004458  \n",
       "2016-06-08  0.000310  0.001239 -0.009727  \n",
       "2016-06-09 -0.002483  0.004325 -0.005126  \n",
       "2016-06-10 -0.001866  0.001232 -0.011554  "
      ]
     },
     "execution_count": 5,
     "metadata": {},
     "output_type": "execute_result"
    }
   ],
   "source": [
    "test_pct.head()"
   ]
  },
  {
   "cell_type": "code",
   "execution_count": 6,
   "id": "c4b7cb68",
   "metadata": {},
   "outputs": [],
   "source": [
    "np_data = test_data.to_numpy().T"
   ]
  },
  {
   "cell_type": "code",
   "execution_count": 7,
   "id": "9d09c545",
   "metadata": {},
   "outputs": [],
   "source": [
    "[cols, rows] = np_data.shape"
   ]
  },
  {
   "cell_type": "code",
   "execution_count": 8,
   "id": "06325d6f",
   "metadata": {
    "scrolled": true
   },
   "outputs": [
    {
     "name": "stderr",
     "output_type": "stream",
     "text": [
      "/home/mauro/miniforge3/envs/py36/lib/python3.6/site-packages/ipykernel_launcher.py:4: RuntimeWarning: divide by zero encountered in log\n",
      "  after removing the cwd from sys.path.\n"
     ]
    }
   ],
   "source": [
    "cp_array_1 = np_data[:, 1:]\n",
    "cp_array_zeros = np.zeros((np_data.shape[0],1), dtype='float64')\n",
    "cp_array_concat = np.concatenate((cp_array_1,cp_array_zeros), axis=1)\n",
    "np_pct = np.log(cp_array_concat/np_data)\n",
    "np_pct[np_pct == -inf] = 0"
   ]
  },
  {
   "cell_type": "code",
   "execution_count": 9,
   "id": "5205ee44",
   "metadata": {},
   "outputs": [
    {
     "data": {
      "text/plain": [
       "array([[ 0.01014539, -0.01676308,  0.01537349, ..., -0.00371392,\n",
       "         0.00684326, -0.00445758],\n",
       "       [ 0.01602179,  0.01382516, -0.02762084, ...,  0.00030992,\n",
       "         0.00123949, -0.00972706],\n",
       "       [-0.00464654, -0.02515859,  0.00223786, ..., -0.00248286,\n",
       "         0.00432473, -0.00512572],\n",
       "       ...,\n",
       "       [ 0.00352733,  0.00174068, -0.02844857, ...,  0.00188581,\n",
       "         0.        ,  0.00416882],\n",
       "       [ 0.01498279,  0.00301569,  0.01812052, ..., -0.0002094 ,\n",
       "        -0.00304792, -0.00022494],\n",
       "       [ 0.        ,  0.        ,  0.        , ...,  0.        ,\n",
       "         0.        ,  0.        ]])"
      ]
     },
     "execution_count": 9,
     "metadata": {},
     "output_type": "execute_result"
    }
   ],
   "source": [
    "#np_pct.T is the same as test_pct\n",
    "np_pct = np.nan_to_num(np_pct)\n",
    "np_pct.T"
   ]
  },
  {
   "cell_type": "markdown",
   "id": "97816383",
   "metadata": {},
   "source": [
    "# Variance calculation"
   ]
  },
  {
   "cell_type": "code",
   "execution_count": 10,
   "id": "6e2ca66b",
   "metadata": {},
   "outputs": [
    {
     "data": {
      "text/plain": [
       "Symbols\n",
       "VNM     0.000206\n",
       "DCOM    0.000528\n",
       "HFC     0.000939\n",
       "MDYG    0.000186\n",
       "OGS     0.000311\n",
       "BSJM    0.000023\n",
       "CNA     0.000315\n",
       "BSL     0.000186\n",
       "BG      0.000425\n",
       "dtype: float64"
      ]
     },
     "execution_count": 10,
     "metadata": {},
     "output_type": "execute_result"
    }
   ],
   "source": [
    "test_var = test_pct.var()\n",
    "test_var"
   ]
  },
  {
   "cell_type": "code",
   "execution_count": 11,
   "id": "91a6ebf9",
   "metadata": {},
   "outputs": [],
   "source": [
    "np_var = np.var(np_pct, axis=1)\n",
    "np_var = np.nan_to_num(np_var)"
   ]
  },
  {
   "cell_type": "code",
   "execution_count": 12,
   "id": "47bc2e74",
   "metadata": {},
   "outputs": [
    {
     "data": {
      "text/plain": [
       "array([2.05321552e-04, 5.26952042e-04, 9.37312931e-04, 1.85828320e-04,\n",
       "       3.10282770e-04, 2.27585232e-05, 3.14319136e-04, 1.86167386e-04,\n",
       "       4.24216477e-04])"
      ]
     },
     "execution_count": 12,
     "metadata": {},
     "output_type": "execute_result"
    }
   ],
   "source": [
    "np_var"
   ]
  },
  {
   "cell_type": "markdown",
   "id": "1fd7b00d",
   "metadata": {},
   "source": [
    "# Volatility calculation"
   ]
  },
  {
   "cell_type": "code",
   "execution_count": 13,
   "id": "06a2828f",
   "metadata": {},
   "outputs": [],
   "source": [
    "np_vol = np.sqrt(np_var * 250)\n"
   ]
  },
  {
   "cell_type": "code",
   "execution_count": 14,
   "id": "944b7a5c",
   "metadata": {},
   "outputs": [
    {
     "data": {
      "text/plain": [
       "array([0.22656211, 0.36295731, 0.48407461, 0.21553905, 0.27851516,\n",
       "       0.07542964, 0.28032086, 0.21573559, 0.32565951])"
      ]
     },
     "execution_count": 14,
     "metadata": {},
     "output_type": "execute_result"
    }
   ],
   "source": [
    "np_vol"
   ]
  },
  {
   "cell_type": "markdown",
   "id": "2fb42ba5",
   "metadata": {},
   "source": [
    "# Covariance calculation"
   ]
  },
  {
   "cell_type": "code",
   "execution_count": 15,
   "id": "05747936",
   "metadata": {},
   "outputs": [],
   "source": [
    "test_cov = test_pct.cov()"
   ]
  },
  {
   "cell_type": "code",
   "execution_count": 16,
   "id": "c6a46cab",
   "metadata": {},
   "outputs": [
    {
     "data": {
      "text/html": [
       "<div>\n",
       "<style scoped>\n",
       "    .dataframe tbody tr th:only-of-type {\n",
       "        vertical-align: middle;\n",
       "    }\n",
       "\n",
       "    .dataframe tbody tr th {\n",
       "        vertical-align: top;\n",
       "    }\n",
       "\n",
       "    .dataframe thead th {\n",
       "        text-align: right;\n",
       "    }\n",
       "</style>\n",
       "<table border=\"1\" class=\"dataframe\">\n",
       "  <thead>\n",
       "    <tr style=\"text-align: right;\">\n",
       "      <th>Symbols</th>\n",
       "      <th>VNM</th>\n",
       "      <th>DCOM</th>\n",
       "      <th>HFC</th>\n",
       "      <th>MDYG</th>\n",
       "      <th>OGS</th>\n",
       "      <th>BSJM</th>\n",
       "      <th>CNA</th>\n",
       "      <th>BSL</th>\n",
       "      <th>BG</th>\n",
       "    </tr>\n",
       "    <tr>\n",
       "      <th>Symbols</th>\n",
       "      <th></th>\n",
       "      <th></th>\n",
       "      <th></th>\n",
       "      <th></th>\n",
       "      <th></th>\n",
       "      <th></th>\n",
       "      <th></th>\n",
       "      <th></th>\n",
       "      <th></th>\n",
       "    </tr>\n",
       "  </thead>\n",
       "  <tbody>\n",
       "    <tr>\n",
       "      <th>VNM</th>\n",
       "      <td>0.000206</td>\n",
       "      <td>0.000123</td>\n",
       "      <td>0.000153</td>\n",
       "      <td>0.000123</td>\n",
       "      <td>0.000086</td>\n",
       "      <td>0.000035</td>\n",
       "      <td>0.000107</td>\n",
       "      <td>0.000072</td>\n",
       "      <td>0.000099</td>\n",
       "    </tr>\n",
       "    <tr>\n",
       "      <th>DCOM</th>\n",
       "      <td>0.000123</td>\n",
       "      <td>0.000528</td>\n",
       "      <td>0.000321</td>\n",
       "      <td>0.000208</td>\n",
       "      <td>0.000200</td>\n",
       "      <td>0.000049</td>\n",
       "      <td>0.000231</td>\n",
       "      <td>0.000125</td>\n",
       "      <td>0.000202</td>\n",
       "    </tr>\n",
       "    <tr>\n",
       "      <th>HFC</th>\n",
       "      <td>0.000153</td>\n",
       "      <td>0.000321</td>\n",
       "      <td>0.000939</td>\n",
       "      <td>0.000206</td>\n",
       "      <td>0.000155</td>\n",
       "      <td>0.000063</td>\n",
       "      <td>0.000260</td>\n",
       "      <td>0.000092</td>\n",
       "      <td>0.000175</td>\n",
       "    </tr>\n",
       "    <tr>\n",
       "      <th>MDYG</th>\n",
       "      <td>0.000123</td>\n",
       "      <td>0.000208</td>\n",
       "      <td>0.000206</td>\n",
       "      <td>0.000186</td>\n",
       "      <td>0.000145</td>\n",
       "      <td>0.000046</td>\n",
       "      <td>0.000164</td>\n",
       "      <td>0.000090</td>\n",
       "      <td>0.000155</td>\n",
       "    </tr>\n",
       "    <tr>\n",
       "      <th>OGS</th>\n",
       "      <td>0.000086</td>\n",
       "      <td>0.000200</td>\n",
       "      <td>0.000155</td>\n",
       "      <td>0.000145</td>\n",
       "      <td>0.000311</td>\n",
       "      <td>0.000041</td>\n",
       "      <td>0.000157</td>\n",
       "      <td>0.000091</td>\n",
       "      <td>0.000146</td>\n",
       "    </tr>\n",
       "    <tr>\n",
       "      <th>BSJM</th>\n",
       "      <td>0.000035</td>\n",
       "      <td>0.000049</td>\n",
       "      <td>0.000063</td>\n",
       "      <td>0.000046</td>\n",
       "      <td>0.000041</td>\n",
       "      <td>0.000023</td>\n",
       "      <td>0.000045</td>\n",
       "      <td>0.000033</td>\n",
       "      <td>0.000041</td>\n",
       "    </tr>\n",
       "    <tr>\n",
       "      <th>CNA</th>\n",
       "      <td>0.000107</td>\n",
       "      <td>0.000231</td>\n",
       "      <td>0.000260</td>\n",
       "      <td>0.000164</td>\n",
       "      <td>0.000157</td>\n",
       "      <td>0.000045</td>\n",
       "      <td>0.000315</td>\n",
       "      <td>0.000066</td>\n",
       "      <td>0.000161</td>\n",
       "    </tr>\n",
       "    <tr>\n",
       "      <th>BSL</th>\n",
       "      <td>0.000072</td>\n",
       "      <td>0.000125</td>\n",
       "      <td>0.000092</td>\n",
       "      <td>0.000090</td>\n",
       "      <td>0.000091</td>\n",
       "      <td>0.000033</td>\n",
       "      <td>0.000066</td>\n",
       "      <td>0.000186</td>\n",
       "      <td>0.000100</td>\n",
       "    </tr>\n",
       "    <tr>\n",
       "      <th>BG</th>\n",
       "      <td>0.000099</td>\n",
       "      <td>0.000202</td>\n",
       "      <td>0.000175</td>\n",
       "      <td>0.000155</td>\n",
       "      <td>0.000146</td>\n",
       "      <td>0.000041</td>\n",
       "      <td>0.000161</td>\n",
       "      <td>0.000100</td>\n",
       "      <td>0.000425</td>\n",
       "    </tr>\n",
       "  </tbody>\n",
       "</table>\n",
       "</div>"
      ],
      "text/plain": [
       "Symbols       VNM      DCOM       HFC      MDYG       OGS      BSJM       CNA  \\\n",
       "Symbols                                                                         \n",
       "VNM      0.000206  0.000123  0.000153  0.000123  0.000086  0.000035  0.000107   \n",
       "DCOM     0.000123  0.000528  0.000321  0.000208  0.000200  0.000049  0.000231   \n",
       "HFC      0.000153  0.000321  0.000939  0.000206  0.000155  0.000063  0.000260   \n",
       "MDYG     0.000123  0.000208  0.000206  0.000186  0.000145  0.000046  0.000164   \n",
       "OGS      0.000086  0.000200  0.000155  0.000145  0.000311  0.000041  0.000157   \n",
       "BSJM     0.000035  0.000049  0.000063  0.000046  0.000041  0.000023  0.000045   \n",
       "CNA      0.000107  0.000231  0.000260  0.000164  0.000157  0.000045  0.000315   \n",
       "BSL      0.000072  0.000125  0.000092  0.000090  0.000091  0.000033  0.000066   \n",
       "BG       0.000099  0.000202  0.000175  0.000155  0.000146  0.000041  0.000161   \n",
       "\n",
       "Symbols       BSL        BG  \n",
       "Symbols                      \n",
       "VNM      0.000072  0.000099  \n",
       "DCOM     0.000125  0.000202  \n",
       "HFC      0.000092  0.000175  \n",
       "MDYG     0.000090  0.000155  \n",
       "OGS      0.000091  0.000146  \n",
       "BSJM     0.000033  0.000041  \n",
       "CNA      0.000066  0.000161  \n",
       "BSL      0.000186  0.000100  \n",
       "BG       0.000100  0.000425  "
      ]
     },
     "execution_count": 16,
     "metadata": {},
     "output_type": "execute_result"
    }
   ],
   "source": [
    "test_cov"
   ]
  },
  {
   "cell_type": "code",
   "execution_count": 17,
   "id": "a6b4a76c",
   "metadata": {},
   "outputs": [],
   "source": [
    "np_cov = np.cov(np_pct)"
   ]
  },
  {
   "cell_type": "code",
   "execution_count": 18,
   "id": "b69e6764",
   "metadata": {},
   "outputs": [
    {
     "data": {
      "text/plain": [
       "array([[2.05484764e-04, 1.22509807e-04, 1.53200621e-04, 1.22855094e-04,\n",
       "        8.56938666e-05, 3.50041422e-05, 1.07175072e-04, 7.22101657e-05,\n",
       "        9.91343524e-05],\n",
       "       [1.22509807e-04, 5.27370922e-04, 3.21169618e-04, 2.08232422e-04,\n",
       "        1.99454947e-04, 4.87343199e-05, 2.31264571e-04, 1.24718554e-04,\n",
       "        2.01968413e-04],\n",
       "       [1.53200621e-04, 3.21169618e-04, 9.38058013e-04, 2.05398632e-04,\n",
       "        1.55037339e-04, 6.33246478e-05, 2.60012113e-04, 9.17105895e-05,\n",
       "        1.74604359e-04],\n",
       "       [1.22855094e-04, 2.08232422e-04, 2.05398632e-04, 1.85976037e-04,\n",
       "        1.44637518e-04, 4.63179881e-05, 1.63689564e-04, 9.01868125e-05,\n",
       "        1.54811382e-04],\n",
       "       [8.56938666e-05, 1.99454947e-04, 1.55037339e-04, 1.44637518e-04,\n",
       "        3.10529418e-04, 4.06623913e-05, 1.56874542e-04, 9.10179218e-05,\n",
       "        1.45603528e-04],\n",
       "       [3.50041422e-05, 4.87343199e-05, 6.33246478e-05, 4.63179881e-05,\n",
       "        4.06623913e-05, 2.27766143e-05, 4.54505207e-05, 3.26648236e-05,\n",
       "        4.09911983e-05],\n",
       "       [1.07175072e-04, 2.31264571e-04, 2.60012113e-04, 1.63689564e-04,\n",
       "        1.56874542e-04, 4.54505207e-05, 3.14568993e-04, 6.56260247e-05,\n",
       "        1.60413944e-04],\n",
       "       [7.22101657e-05, 1.24718554e-04, 9.17105895e-05, 9.01868125e-05,\n",
       "        9.10179218e-05, 3.26648236e-05, 6.56260247e-05, 1.86315372e-04,\n",
       "        9.95762160e-05],\n",
       "       [9.91343524e-05, 2.01968413e-04, 1.74604359e-04, 1.54811382e-04,\n",
       "        1.45603528e-04, 4.09911983e-05, 1.60413944e-04, 9.95762160e-05,\n",
       "        4.24553692e-04]])"
      ]
     },
     "execution_count": 18,
     "metadata": {},
     "output_type": "execute_result"
    }
   ],
   "source": [
    "np_cov"
   ]
  },
  {
   "cell_type": "markdown",
   "id": "79766a4c",
   "metadata": {},
   "source": [
    "# Correlation calculation"
   ]
  },
  {
   "cell_type": "code",
   "execution_count": 19,
   "id": "4a5f0934",
   "metadata": {},
   "outputs": [],
   "source": [
    "test_corr = test_pct.corr()"
   ]
  },
  {
   "cell_type": "code",
   "execution_count": 20,
   "id": "7cc82d7d",
   "metadata": {},
   "outputs": [
    {
     "data": {
      "text/html": [
       "<div>\n",
       "<style scoped>\n",
       "    .dataframe tbody tr th:only-of-type {\n",
       "        vertical-align: middle;\n",
       "    }\n",
       "\n",
       "    .dataframe tbody tr th {\n",
       "        vertical-align: top;\n",
       "    }\n",
       "\n",
       "    .dataframe thead th {\n",
       "        text-align: right;\n",
       "    }\n",
       "</style>\n",
       "<table border=\"1\" class=\"dataframe\">\n",
       "  <thead>\n",
       "    <tr style=\"text-align: right;\">\n",
       "      <th>Symbols</th>\n",
       "      <th>VNM</th>\n",
       "      <th>DCOM</th>\n",
       "      <th>HFC</th>\n",
       "      <th>MDYG</th>\n",
       "      <th>OGS</th>\n",
       "      <th>BSJM</th>\n",
       "      <th>CNA</th>\n",
       "      <th>BSL</th>\n",
       "      <th>BG</th>\n",
       "    </tr>\n",
       "    <tr>\n",
       "      <th>Symbols</th>\n",
       "      <th></th>\n",
       "      <th></th>\n",
       "      <th></th>\n",
       "      <th></th>\n",
       "      <th></th>\n",
       "      <th></th>\n",
       "      <th></th>\n",
       "      <th></th>\n",
       "      <th></th>\n",
       "    </tr>\n",
       "  </thead>\n",
       "  <tbody>\n",
       "    <tr>\n",
       "      <th>VNM</th>\n",
       "      <td>1.000000</td>\n",
       "      <td>0.372154</td>\n",
       "      <td>0.348944</td>\n",
       "      <td>0.628456</td>\n",
       "      <td>0.339241</td>\n",
       "      <td>0.511664</td>\n",
       "      <td>0.421547</td>\n",
       "      <td>0.369049</td>\n",
       "      <td>0.335635</td>\n",
       "    </tr>\n",
       "    <tr>\n",
       "      <th>DCOM</th>\n",
       "      <td>0.372154</td>\n",
       "      <td>1.000000</td>\n",
       "      <td>0.456627</td>\n",
       "      <td>0.664908</td>\n",
       "      <td>0.492873</td>\n",
       "      <td>0.444664</td>\n",
       "      <td>0.567797</td>\n",
       "      <td>0.397877</td>\n",
       "      <td>0.426834</td>\n",
       "    </tr>\n",
       "    <tr>\n",
       "      <th>HFC</th>\n",
       "      <td>0.348944</td>\n",
       "      <td>0.456627</td>\n",
       "      <td>1.000000</td>\n",
       "      <td>0.491761</td>\n",
       "      <td>0.287257</td>\n",
       "      <td>0.433225</td>\n",
       "      <td>0.478653</td>\n",
       "      <td>0.219371</td>\n",
       "      <td>0.276677</td>\n",
       "    </tr>\n",
       "    <tr>\n",
       "      <th>MDYG</th>\n",
       "      <td>0.628456</td>\n",
       "      <td>0.664908</td>\n",
       "      <td>0.491761</td>\n",
       "      <td>1.000000</td>\n",
       "      <td>0.601868</td>\n",
       "      <td>0.711666</td>\n",
       "      <td>0.676759</td>\n",
       "      <td>0.484496</td>\n",
       "      <td>0.550945</td>\n",
       "    </tr>\n",
       "    <tr>\n",
       "      <th>OGS</th>\n",
       "      <td>0.339241</td>\n",
       "      <td>0.492873</td>\n",
       "      <td>0.287257</td>\n",
       "      <td>0.601868</td>\n",
       "      <td>1.000000</td>\n",
       "      <td>0.483500</td>\n",
       "      <td>0.501930</td>\n",
       "      <td>0.378400</td>\n",
       "      <td>0.401009</td>\n",
       "    </tr>\n",
       "    <tr>\n",
       "      <th>BSJM</th>\n",
       "      <td>0.511664</td>\n",
       "      <td>0.444664</td>\n",
       "      <td>0.433225</td>\n",
       "      <td>0.711666</td>\n",
       "      <td>0.483500</td>\n",
       "      <td>1.000000</td>\n",
       "      <td>0.536953</td>\n",
       "      <td>0.501431</td>\n",
       "      <td>0.416850</td>\n",
       "    </tr>\n",
       "    <tr>\n",
       "      <th>CNA</th>\n",
       "      <td>0.421547</td>\n",
       "      <td>0.567797</td>\n",
       "      <td>0.478653</td>\n",
       "      <td>0.676759</td>\n",
       "      <td>0.501930</td>\n",
       "      <td>0.536953</td>\n",
       "      <td>1.000000</td>\n",
       "      <td>0.271077</td>\n",
       "      <td>0.438953</td>\n",
       "    </tr>\n",
       "    <tr>\n",
       "      <th>BSL</th>\n",
       "      <td>0.369049</td>\n",
       "      <td>0.397877</td>\n",
       "      <td>0.219371</td>\n",
       "      <td>0.484496</td>\n",
       "      <td>0.378400</td>\n",
       "      <td>0.501431</td>\n",
       "      <td>0.271077</td>\n",
       "      <td>1.000000</td>\n",
       "      <td>0.354050</td>\n",
       "    </tr>\n",
       "    <tr>\n",
       "      <th>BG</th>\n",
       "      <td>0.335635</td>\n",
       "      <td>0.426834</td>\n",
       "      <td>0.276677</td>\n",
       "      <td>0.550945</td>\n",
       "      <td>0.401009</td>\n",
       "      <td>0.416850</td>\n",
       "      <td>0.438953</td>\n",
       "      <td>0.354050</td>\n",
       "      <td>1.000000</td>\n",
       "    </tr>\n",
       "  </tbody>\n",
       "</table>\n",
       "</div>"
      ],
      "text/plain": [
       "Symbols       VNM      DCOM       HFC      MDYG       OGS      BSJM       CNA  \\\n",
       "Symbols                                                                         \n",
       "VNM      1.000000  0.372154  0.348944  0.628456  0.339241  0.511664  0.421547   \n",
       "DCOM     0.372154  1.000000  0.456627  0.664908  0.492873  0.444664  0.567797   \n",
       "HFC      0.348944  0.456627  1.000000  0.491761  0.287257  0.433225  0.478653   \n",
       "MDYG     0.628456  0.664908  0.491761  1.000000  0.601868  0.711666  0.676759   \n",
       "OGS      0.339241  0.492873  0.287257  0.601868  1.000000  0.483500  0.501930   \n",
       "BSJM     0.511664  0.444664  0.433225  0.711666  0.483500  1.000000  0.536953   \n",
       "CNA      0.421547  0.567797  0.478653  0.676759  0.501930  0.536953  1.000000   \n",
       "BSL      0.369049  0.397877  0.219371  0.484496  0.378400  0.501431  0.271077   \n",
       "BG       0.335635  0.426834  0.276677  0.550945  0.401009  0.416850  0.438953   \n",
       "\n",
       "Symbols       BSL        BG  \n",
       "Symbols                      \n",
       "VNM      0.369049  0.335635  \n",
       "DCOM     0.397877  0.426834  \n",
       "HFC      0.219371  0.276677  \n",
       "MDYG     0.484496  0.550945  \n",
       "OGS      0.378400  0.401009  \n",
       "BSJM     0.501431  0.416850  \n",
       "CNA      0.271077  0.438953  \n",
       "BSL      1.000000  0.354050  \n",
       "BG       0.354050  1.000000  "
      ]
     },
     "execution_count": 20,
     "metadata": {},
     "output_type": "execute_result"
    }
   ],
   "source": [
    "test_corr"
   ]
  },
  {
   "cell_type": "code",
   "execution_count": 21,
   "id": "db467c67",
   "metadata": {},
   "outputs": [],
   "source": [
    "np_corr = np.corrcoef(np_pct)"
   ]
  },
  {
   "cell_type": "code",
   "execution_count": 22,
   "id": "96902d5b",
   "metadata": {},
   "outputs": [
    {
     "data": {
      "text/plain": [
       "array([[1.        , 0.37215422, 0.3489441 , 0.62845597, 0.33924117,\n",
       "        0.51166421, 0.42154701, 0.36904913, 0.33563562],\n",
       "       [0.37215422, 1.        , 0.45662692, 0.66490832, 0.49287336,\n",
       "        0.44466427, 0.56779696, 0.39787681, 0.42683405],\n",
       "       [0.3489441 , 0.45662692, 1.        , 0.49176114, 0.28725664,\n",
       "        0.43322484, 0.47865299, 0.21937154, 0.27667755],\n",
       "       [0.62845597, 0.66490832, 0.49176114, 1.        , 0.60186777,\n",
       "        0.71166664, 0.67675978, 0.484496  , 0.55094479],\n",
       "       [0.33924117, 0.49287336, 0.28725664, 0.60186777, 1.        ,\n",
       "        0.48350053, 0.50192998, 0.37840006, 0.40100909],\n",
       "       [0.51166421, 0.44466427, 0.43322484, 0.71166664, 0.48350053,\n",
       "        1.        , 0.53695306, 0.50143124, 0.41684992],\n",
       "       [0.42154701, 0.56779696, 0.47865299, 0.67675978, 0.50192998,\n",
       "        0.53695306, 1.        , 0.2710777 , 0.43895283],\n",
       "       [0.36904913, 0.39787681, 0.21937154, 0.484496  , 0.37840006,\n",
       "        0.50143124, 0.2710777 , 1.        , 0.3540503 ],\n",
       "       [0.33563562, 0.42683405, 0.27667755, 0.55094479, 0.40100909,\n",
       "        0.41684992, 0.43895283, 0.3540503 , 1.        ]])"
      ]
     },
     "execution_count": 22,
     "metadata": {},
     "output_type": "execute_result"
    }
   ],
   "source": [
    "np_corr"
   ]
  },
  {
   "cell_type": "markdown",
   "id": "e536645f",
   "metadata": {},
   "source": [
    "# Expected returns calculation"
   ]
  },
  {
   "cell_type": "code",
   "execution_count": 23,
   "id": "7b1b8ebc",
   "metadata": {},
   "outputs": [],
   "source": [
    "test_er = test_data.resample('Y').last().pct_change().apply(lambda x: np.log(1+x)).mean()"
   ]
  },
  {
   "cell_type": "code",
   "execution_count": 24,
   "id": "c8c68941",
   "metadata": {},
   "outputs": [
    {
     "data": {
      "text/plain": [
       "Symbols\n",
       "VNM     0.093454\n",
       "DCOM    0.011355\n",
       "HFC     0.046918\n",
       "MDYG    0.119930\n",
       "OGS     0.054876\n",
       "BSJM    0.029431\n",
       "CNA     0.093809\n",
       "BSL     0.045921\n",
       "BG      0.070825\n",
       "dtype: float64"
      ]
     },
     "execution_count": 24,
     "metadata": {},
     "output_type": "execute_result"
    }
   ],
   "source": [
    "test_er"
   ]
  },
  {
   "cell_type": "code",
   "execution_count": 25,
   "id": "5a57d2c0",
   "metadata": {},
   "outputs": [],
   "source": [
    "np_er = np.mean(np_pct.T[-250:],axis=0)*250"
   ]
  },
  {
   "cell_type": "code",
   "execution_count": 26,
   "id": "459e499e",
   "metadata": {},
   "outputs": [
    {
     "data": {
      "text/plain": [
       "array([ 0.34093501,  0.39302855,  0.04711524,  0.3156414 , -0.08160479,\n",
       "        0.06391056,  0.39861958,  0.28798771,  0.75990501])"
      ]
     },
     "execution_count": 26,
     "metadata": {},
     "output_type": "execute_result"
    }
   ],
   "source": [
    "np_er"
   ]
  },
  {
   "cell_type": "markdown",
   "id": "4928b04a",
   "metadata": {},
   "source": [
    "# Annual volatility calculation"
   ]
  },
  {
   "cell_type": "code",
   "execution_count": 27,
   "id": "b2712fe3",
   "metadata": {},
   "outputs": [],
   "source": [
    "test_volatility = test_data.pct_change().apply(lambda x: np.log(1+x)).std().apply(lambda x: x*np.sqrt(250))"
   ]
  },
  {
   "cell_type": "code",
   "execution_count": 28,
   "id": "315bd5b7",
   "metadata": {},
   "outputs": [
    {
     "data": {
      "text/plain": [
       "Symbols\n",
       "VNM     0.226742\n",
       "DCOM    0.363246\n",
       "HFC     0.484460\n",
       "MDYG    0.215710\n",
       "OGS     0.278737\n",
       "BSJM    0.075490\n",
       "CNA     0.280544\n",
       "BSL     0.215907\n",
       "BG      0.325918\n",
       "dtype: float64"
      ]
     },
     "execution_count": 28,
     "metadata": {},
     "output_type": "execute_result"
    }
   ],
   "source": [
    "test_volatility"
   ]
  },
  {
   "cell_type": "code",
   "execution_count": 29,
   "id": "e2e527e8",
   "metadata": {},
   "outputs": [],
   "source": [
    "np_volatility = np.zeros(np_pct.shape[0], dtype=float)\n",
    "for x in range(np_pct.shape[0]):\n",
    "    np_volatility[x] = np_pct[x].std() * np.sqrt(250)"
   ]
  },
  {
   "cell_type": "code",
   "execution_count": 30,
   "id": "2048f2f5",
   "metadata": {},
   "outputs": [
    {
     "data": {
      "text/plain": [
       "array([0.22656211, 0.36295731, 0.48407461, 0.21553905, 0.27851516,\n",
       "       0.07542964, 0.28032086, 0.21573559, 0.32565951])"
      ]
     },
     "execution_count": 30,
     "metadata": {},
     "output_type": "execute_result"
    }
   ],
   "source": [
    "np_volatility "
   ]
  },
  {
   "cell_type": "markdown",
   "id": "709aa5fa",
   "metadata": {},
   "source": [
    "# Show risk and returns"
   ]
  },
  {
   "cell_type": "code",
   "execution_count": 31,
   "id": "bbe92a8d",
   "metadata": {},
   "outputs": [
    {
     "data": {
      "text/html": [
       "<div>\n",
       "<style scoped>\n",
       "    .dataframe tbody tr th:only-of-type {\n",
       "        vertical-align: middle;\n",
       "    }\n",
       "\n",
       "    .dataframe tbody tr th {\n",
       "        vertical-align: top;\n",
       "    }\n",
       "\n",
       "    .dataframe thead th {\n",
       "        text-align: right;\n",
       "    }\n",
       "</style>\n",
       "<table border=\"1\" class=\"dataframe\">\n",
       "  <thead>\n",
       "    <tr style=\"text-align: right;\">\n",
       "      <th></th>\n",
       "      <th>Returns</th>\n",
       "      <th>Volatility</th>\n",
       "    </tr>\n",
       "    <tr>\n",
       "      <th>Symbols</th>\n",
       "      <th></th>\n",
       "      <th></th>\n",
       "    </tr>\n",
       "  </thead>\n",
       "  <tbody>\n",
       "    <tr>\n",
       "      <th>VNM</th>\n",
       "      <td>0.093454</td>\n",
       "      <td>0.226742</td>\n",
       "    </tr>\n",
       "    <tr>\n",
       "      <th>DCOM</th>\n",
       "      <td>0.011355</td>\n",
       "      <td>0.363246</td>\n",
       "    </tr>\n",
       "    <tr>\n",
       "      <th>HFC</th>\n",
       "      <td>0.046918</td>\n",
       "      <td>0.484460</td>\n",
       "    </tr>\n",
       "    <tr>\n",
       "      <th>MDYG</th>\n",
       "      <td>0.119930</td>\n",
       "      <td>0.215710</td>\n",
       "    </tr>\n",
       "    <tr>\n",
       "      <th>OGS</th>\n",
       "      <td>0.054876</td>\n",
       "      <td>0.278737</td>\n",
       "    </tr>\n",
       "    <tr>\n",
       "      <th>BSJM</th>\n",
       "      <td>0.029431</td>\n",
       "      <td>0.075490</td>\n",
       "    </tr>\n",
       "    <tr>\n",
       "      <th>CNA</th>\n",
       "      <td>0.093809</td>\n",
       "      <td>0.280544</td>\n",
       "    </tr>\n",
       "    <tr>\n",
       "      <th>BSL</th>\n",
       "      <td>0.045921</td>\n",
       "      <td>0.215907</td>\n",
       "    </tr>\n",
       "    <tr>\n",
       "      <th>BG</th>\n",
       "      <td>0.070825</td>\n",
       "      <td>0.325918</td>\n",
       "    </tr>\n",
       "  </tbody>\n",
       "</table>\n",
       "</div>"
      ],
      "text/plain": [
       "          Returns  Volatility\n",
       "Symbols                      \n",
       "VNM      0.093454    0.226742\n",
